0	arithmetic_v2	8	0.5482862013947069	17	0.20049862773824845	19	0.16210703368486085	16	0.07377176513862926	11	0.0031689803878770582	1	0.002846336843950539	14	0.001941171123028048	9	0.0014263025917538895	4	0.0011136402909249503	15	6.298975564669225E-4	12	6.091418397214345E-4	2	5.985568986983206E-4	6	4.563370560889052E-4	3	4.432974740358631E-4	10	4.394240154909238E-4	13	3.918511524948334E-4	7	3.626268189900422E-4	18	3.605760908140923E-4	5	3.126228048350226E-4	0	2.3560909838369798E-4	
1	arraylist1_v2	19	0.477631294999765	11	0.26510451796643625	6	0.22263432494686458	8	0.007028825728065154	1	0.005791234635961178	14	0.003949559752880407	9	0.0029019941853620813	16	0.0022941476051062323	4	0.0022658429337039233	17	0.0014792574019381083	15	0.0012816067619936073	12	0.0012393766141577534	2	0.001217840204226881	3	9.019451408665399E-4	10	8.940640963815597E-4	13	7.972710507867138E-4	7	7.378104241340629E-4	18	7.336379566108519E-4	5	6.360708920308574E-4	0	4.7937670272836026E-4	
2	arraylist2_v2	6	0.5388402334455351	8	0.1898793314270371	4	0.18360985476653127	11	0.050951606050196746	19	0.032911174408032796	1	8.704043546488267E-4	14	5.936064110588896E-4	9	4.3616060043913277E-4	16	3.448031708631028E-4	17	2.2232773583343902E-4	15	1.926214661826553E-4	12	1.86274407759993E-4	2	1.8303755307085085E-4	3	1.355595184124825E-4	10	1.343750222091493E-4	13	1.198273318319844E-4	7	1.1089058662617985E-4	18	1.102634778781968E-4	5	9.559945488154682E-5	0	7.204881097046228E-5	
3	array_declaration_v2	19	0.5187361935534885	15	0.4289385704076457	8	0.0090310658509839	11	0.008284392205636622	1	0.007440933006353142	14	0.005074636303506317	9	0.0037286598930077203	16	0.00294766137263367	4	0.002911293796993823	17	0.0019006405229420676	12	0.0015924269927388333	2	0.0015647556940320106	6	0.0011929626213744663	3	0.0011588743662567537	10	0.0011487483175436379	13	0.0010243826834386406	7	9.479840280136359E-4	18	9.426229861524397E-4	5	8.172628450422571E-4	0	6.15932552215815E-4	
4	Bicycle_v2	1	0.549618691732525	19	0.4369671527151262	8	0.002603514826855411	11	0.0023882605104147856	14	0.0014629381598007115	9	0.0010749142433380777	16	8.497646030744698E-4	4	8.39280400660553E-4	17	5.479248921059293E-4	15	4.747140327758572E-4	12	4.59071759046984E-4	2	4.5109455705883675E-4	6	3.4391243778765556E-4	3	3.340853277781625E-4	10	3.3116614654340434E-4	13	2.953134822304363E-4	7	2.7328894654075935E-4	18	2.717434421447864E-4	5	2.35604077039671E-4	0	1.775637071522476E-4	
5	boolean_declaration_v2	19	0.5944349855709702	12	0.35057475267366744	8	0.00948120378702021	11	0.008697313478750171	1	0.007811813507163504	14	0.005327572817256397	9	0.003914508528829262	16	0.0030945824812054477	4	0.003056402226341766	17	0.001995374679049556	15	0.0017287631469886204	2	0.0016427482488571865	6	0.0012524237903012176	3	0.0012166364647686774	10	0.0012060057005830874	13	0.0010754412754634315	7	9.952346605310543E-4	18	9.896064067639522E-4	5	8.579979051488564E-4	0	6.46632650340091E-4	
6	boolean_expression_v2	19	0.494166950706206	12	0.27866760928426476	14	0.1720038855602997	8	0.010531003256665446	11	0.0096603172578515	1	0.008676770938836337	9	0.004347939670042845	16	0.003437227900555086	4	0.0033948201644340465	17	0.002216311105147418	15	0.0019201792029682866	2	0.0018246403671103386	6	0.0013910975136346673	3	0.001351347662223766	10	0.0013395398143202588	13	0.0011945187371420539	7	0.0011054313024625763	18	0.0010991798643454214	5	9.529991060528058E-4	0	7.182305854368608E-4	
7	boolean_operators_v2	8	0.3422981202059101	4	0.21513912723637285	12	0.21464362758084463	19	0.21272685004166694	11	0.0031124549279049206	1	0.002795566413197659	14	0.0019065462351513206	9	0.0014008614718382343	16	0.001107439500366295	17	7.140726579533337E-4	15	6.186620028324392E-4	2	5.878803719050815E-4	6	4.481973206407358E-4	3	4.3539032708089244E-4	10	4.3158595985212954E-4	13	3.8486165936950015E-4	7	3.5615860359178384E-4	18	3.541444544851986E-4	5	3.0704651666716885E-4	0	2.314065123687429E-4	
8	Constants_v2	8	0.3289064020502756	5	0.3242384872414118	19	0.3217796153849123	11	0.004708030741807868	1	0.004228691794409238	14	0.0028839223358047197	9	0.0021190022111800028	16	0.001675159747912062	4	0.0016544920079176993	17	0.0010801364528647878	15	9.358142673841562E-4	12	9.04978307376377E-4	2	8.892526727439619E-4	6	6.7796219153377E-4	3	6.585897923226866E-4	10	6.528351458198379E-4	13	5.821579960595483E-4	7	5.387405419548306E-4	18	5.356938549723557E-4	0	3.5003526133627766E-4	
9	constant_v2	8	0.49304520269817703	10	0.20431321681680495	4	0.1846878788966226	19	0.10040341047492575	11	0.0035565214415631563	1	0.003194421162764868	14	0.002178560885767249	9	0.0016007280351545696	16	0.0012654423660804364	17	8.159522877185919E-4	15	7.069290091326876E-4	12	6.836350335931952E-4	2	6.717556386147979E-4	6	5.121434423414815E-4	3	4.975092232916963E-4	13	4.397714265069082E-4	7	4.0697318984921424E-4	18	4.046716739558106E-4	5	3.508540831526618E-4	0	2.644222139823144E-4	
10	CreateObjectDemo_v2	11	0.34205301110492126	8	0.2890642804885228	4	0.21327562034809555	19	0.1480507530671421	1	0.0016661993606742977	14	0.0011363300485755672	9	8.349343724230419E-4	16	6.600504923741619E-4	17	4.255979756159411E-4	15	3.687317992970921E-4	12	3.565817398109248E-4	2	3.5038548724757425E-4	6	2.671323011973553E-4	3	2.5949914164126995E-4	10	2.572316819184711E-4	13	2.2938330055840848E-4	7	2.1227585036139246E-4	18	2.110753873933686E-4	5	1.8300431259757533E-4	0	1.379217396318772E-4	
11	CreateString_v2	19	0.4406803201470273	9	0.29850979300726355	11	0.1173006185554855	4	0.11311876749191696	8	0.007028825728065154	1	0.005791234635961178	14	0.003949559752880407	16	0.0022941476051062323	17	0.0014792574019381083	15	0.0012816067619936073	12	0.0012393766141577534	2	0.001217840204226881	6	9.284758304384827E-4	3	9.019451408665399E-4	10	8.940640963815597E-4	13	7.972710507867138E-4	7	7.378104241340629E-4	18	7.336379566108519E-4	5	6.360708920308574E-4	0	4.7937670272836026E-4	
12	create_2d_array_v2	15	0.4801795067524665	19	0.3561473814613043	1	0.12595227811685616	8	0.007589720900319135	11	0.006962215280792254	14	0.00426473174371152	9	0.0031335712071083265	16	0.0024772189125942226	4	0.0024466555490353565	17	0.0015973010649009184	12	0.0013382779650206557	2	0.001315022965267635	6	0.001002567525267116	3	9.739197059962458E-4	10	9.654097599030931E-4	13	8.60892699788278E-4	7	7.966871584487397E-4	18	7.921817310570246E-4	5	6.868288858059568E-4	0	5.176306143565525E-4	
13	Decision_If_v2	19	0.4192199304002767	8	0.23751093544746057	16	0.23259459370438584	4	0.07909025464984222	11	0.006695083873104507	1	0.006013436995147391	14	0.004101099372668458	9	0.00301334003730322	17	0.0015360146402847055	15	0.0013307803949000763	12	0.0012869299296245453	2	0.0012645671948431265	6	9.641002754730031E-4	3	9.365516368480006E-4	10	9.283682066391647E-4	13	8.278613341255405E-4	7	7.661192783215188E-4	18	7.617867184888842E-4	5	6.604761288591659E-4	0	4.977697814034519E-4	
14	do_while_v2	19	0.35370849667568893	8	0.2205838852477813	12	0.17936648442252548	4	0.10908786455211297	14	0.07507732896380355	9	0.038432838200243236	11	0.006217935228990088	1	0.005584868307572224	16	0.00221239736568263	17	0.0014265451673336675	15	0.0012359376605780368	2	0.0011744433765538745	6	8.953902864793969E-4	3	8.698049982494393E-4	10	8.622047889086849E-4	13	7.688608913260707E-4	7	7.115190997711757E-4	18	7.074953150172208E-4	5	6.134049800388961E-4	0	4.6229447134319806E-4	
15	for1_v2	8	0.4540416921458557	19	0.24776250922151288	14	0.1773932756455425	4	0.10137363301106289	11	0.004355482689814935	1	0.00391203773321995	9	0.0019603265052024837	16	0.001549719975257436	17	9.992533781298485E-4	15	8.657383662087978E-4	12	8.372114730334709E-4	2	8.226634096957329E-4	6	6.271948403719317E-4	3	6.09273090483005E-4	10	6.039493650012261E-4	13	5.385646809946403E-4	7	4.983984246213191E-4	18	4.955798804908365E-4	5	4.2967233880942477E-4	0	3.2382382469099463E-4	
16	HelloWorld2_v2	9	0.44869263406465426	19	0.3395980328920133	8	0.1626313988312297	4	0.027883336615467463	11	0.004584339889546904	1	0.00411759428449821	14	0.002808155028594415	16	0.0016311494284694705	17	0.0010517587710398646	15	9.11228263035708E-4	12	8.812024349881511E-4	2	8.658899491342168E-4	6	6.601505573558415E-4	3	6.41287115859813E-4	10	6.356836572249783E-4	13	5.668633595900571E-4	7	5.245865823831185E-4	18	5.216199389114235E-4	5	4.522493102418124E-4	0	3.408390257612635E-4	
17	ifelse2_v2	8	0.31206656043621167	16	0.2831866136914737	19	0.2797049142587451	4	0.10396877240802664	11	0.0044669819464303005	1	0.004012184910965666	14	0.0027362669692339303	9	0.002010510368535152	17	0.0010248340121873348	15	8.879010496884981E-4	12	8.586438752540968E-4	2	8.437233851699171E-4	6	6.432508698489849E-4	3	6.248703276901372E-4	10	6.194103161808577E-4	13	5.523518007806095E-4	7	5.111572983905793E-4	18	5.082666002423522E-4	5	4.406718421428824E-4	0	3.321136328015452E-4	
18	imple_multi_v2	18	0.4346200669138303	19	0.3023275873680881	1	0.24220644036277292	8	0.0041295785900392285	11	0.0037881518359383567	14	0.0023204469745852214	9	0.00170498082040063	16	0.0013478585469274915	4	0.0013312289747139767	17	8.690939187479653E-4	15	7.529701332679338E-4	12	7.281590593981114E-4	2	7.155059789551395E-4	6	5.454985027496344E-4	3	5.299111810725851E-4	10	5.252809065670768E-4	13	4.6841301650726776E-4	7	4.33478684618135E-4	5	3.737046327652859E-4	0	2.816435980545463E-4	
19	increment_v2	8	0.6879066847901564	19	0.18360250185753724	13	0.07438701099764314	14	0.03897103281399093	11	0.0032275969482221524	1	0.0028989854737792834	9	0.0014526848793375354	16	0.001148408068395363	4	0.0011342392708256941	17	7.404890303649936E-4	15	6.415487576769765E-4	12	6.20409122896599E-4	2	6.096283924528234E-4	6	4.6477791255121275E-4	3	4.5149713763651365E-4	10	4.475520318142948E-4	7	3.693343192634405E-4	18	3.6724565881364734E-4	5	3.184053819613963E-4	0	2.399671546803206E-4	
20	inheritance1_v2	3	0.5697967582774399	19	0.2727045538516033	8	0.026932378659488592	11	0.024705653964599707	1	0.02219029609723825	14	0.015133543342542423	9	0.011119582315966792	16	0.008790494229323879	4	0.00868203911071202	17	0.005668076293992183	15	0.004910737574379216	12	0.0047489241539923534	2	0.0046664030089726026	6	0.0035576444215577145	10	0.00342578884741108	13	0.003054906561177027	7	0.00282707104863253	18	0.002811083388726432	5	0.0024372352909608143	0	0.0018368295612831017	
21	j2D_Arrays1	19	0.5590913223084384	15	0.3753462548708377	17	0.032437285627172234	8	0.005932725731500778	11	0.0054422177425348175	1	0.004888128980739888	14	0.0033336514064438967	9	0.002449446926450197	16	0.0019363900963328118	4	0.0019124993557102844	12	0.001046103832177109	2	0.00102792588634316	6	7.836860186082962E-4	3	7.612926188019175E-4	10	7.546405723270058E-4	13	6.729417773294315E-4	7	6.227536515455178E-4	18	6.192318533965091E-4	5	5.368797426777147E-4	0	4.0462100063212426E-4	
22	j2D_Arrays2	19	0.41627682021486184	15	0.3955769288527534	14	0.11859136769146396	17	0.047373346024909765	8	0.004417267992139536	11	0.004052055552258219	1	0.0036395034365780256	9	0.001823759262829762	16	0.0014417578664407875	4	0.0014239697857782922	12	7.788866675219648E-4	2	7.653521031532128E-4	6	5.835009610346491E-4	3	5.668277398751607E-4	10	5.618748947065675E-4	13	5.010452712801931E-4	7	4.636772196216388E-4	18	4.610550309443851E-4	5	3.997389750155297E-4	0	3.0126445683300153E-4	
23	j2D_arrays3	19	0.34589346331765364	14	0.20963477089759874	15	0.16700252703620885	8	0.14140733112228623	5	0.08349948625362213	11	0.03017493943375968	17	0.014432297111362328	1	0.0021748715530501305	9	0.001089830579764337	16	8.615565899991411E-4	4	8.509269007323556E-4	12	4.654421917063136E-4	2	4.5735429193056803E-4	6	3.486848311716012E-4	3	3.387213526286108E-4	10	3.3576166259079534E-4	13	2.9941147914457143E-4	7	2.77081314065373E-4	18	2.755143630622297E-4	0	1.800277176622876E-4	
24	j2D_arrays4	19	0.41627682021486184	15	0.37235507575663435	14	0.14181322078758302	16	0.0478854640586789	8	0.004417267992139536	11	0.004052055552258219	1	0.0036395034365780256	9	0.001823759262829762	4	0.0014239697857782922	17	9.296398326716523E-4	12	7.788866675219648E-4	2	7.653521031532128E-4	6	5.835009610346491E-4	3	5.668277398751607E-4	10	5.618748947065675E-4	13	5.010452712801931E-4	7	4.636772196216388E-4	18	4.610550309443851E-4	5	3.997389750155297E-4	0	3.0126445683300153E-4	
25	jArray1	15	0.48728310143607034	19	0.4077036512025298	14	0.07953550913550475	8	0.0048695917711283915	11	0.0044669819464303005	1	0.004012184910965666	9	0.002010510368535152	16	0.0015893924151473369	4	0.0015697828529988786	17	0.0010248340121873348	12	8.586438752540968E-4	2	8.437233851699171E-4	6	6.432508698489849E-4	3	6.248703276901372E-4	10	6.194103161808577E-4	13	5.523518007806095E-4	7	5.111572983905793E-4	18	5.082666002423522E-4	5	4.406718421428824E-4	0	3.321136328015452E-4	
26	jArray2	15	0.44694845571648745	19	0.35964817845341474	14	0.12976013739436623	16	0.04381555091224059	8	0.004041832618880551	11	0.0037076605571084316	1	0.003330172344685816	9	0.0016687531049979429	4	0.0013029428005502013	17	8.506272669417537E-4	12	7.126870148706165E-4	2	7.003027891805959E-4	6	5.339076600411739E-4	3	5.186515403617362E-4	10	5.141196506972858E-4	13	4.584600990023353E-4	7	4.2426805759431495E-4	18	4.218687357176611E-4	5	3.6576409471436214E-4	0	2.756591881461044E-4	
27	jArray3	15	0.3159843836095668	19	0.2882625461248949	1	0.21241276112961538	11	0.160058261408494	17	0.013673330526044603	8	0.0025008294707380436	14	0.0014052383440104309	9	0.001032518497888793	16	8.162489956415643E-4	4	8.061783011698242E-4	12	4.4096548725820284E-4	2	4.33302914485347E-4	6	3.3034817044293245E-4	3	3.2090865196183035E-4	10	3.1810460629748275E-4	13	2.8366600867803156E-4	7	2.625101437818856E-4	18	2.610255957006777E-4	5	2.2631160506909914E-4	0	1.7056040826016067E-4	
28	jArray4	15	0.5366082712223231	19	0.3878461255242709	14	0.051308778224026165	8	0.004632414489657874	11	0.004249414091828246	1	0.0038167683022097003	9	0.0019125868862414892	16	0.0015119798126270328	4	0.0014933253495628086	17	9.749186688909516E-4	12	8.168229527505896E-4	2	8.026291768228931E-4	6	6.119208323869379E-4	3	5.944355289310626E-4	10	5.892414515590646E-4	13	5.254490736770328E-4	7	4.862609817927715E-4	18	4.835110773620822E-4	5	4.192085749015229E-4	0	3.1593777817771586E-4	
29	jArray5	19	0.3855135134495757	15	0.3550380201372356	1	0.16365219639185835	11	0.05114962317158146	14	0.01783491816459615	13	0.016460344174912905	8	0.00306496071168788	9	0.0012654315966558853	16	0.0010003765278156949	4	9.88034109727433E-4	17	6.450388720424057E-4	12	5.40437446643584E-4	2	5.310463686936263E-4	6	4.0486733519129133E-4	3	3.932984722918585E-4	10	3.898618965894505E-4	7	3.2172656573563465E-4	18	3.199071367834595E-4	5	2.773624456413283E-4	0	2.0903502474023562E-4	
30	jArrayList1	6	0.5253566943959705	11	0.19628940216242735	19	0.17724521085985467	1	0.09449817761386944	8	0.001611177846829621	14	9.053351761393676E-4	9	6.652076639792907E-4	16	5.258744407256597E-4	4	5.193863214736626E-4	17	3.3908178235875707E-4	15	2.9377544744441304E-4	12	2.8409527022934964E-4	2	2.7915860115782686E-4	3	2.0674776786930185E-4	10	2.0494124075149634E-4	13	1.827539200206814E-4	7	1.6912409789565205E-4	18	1.6816766683588468E-4	5	1.4580292212414538E-4	0	1.098848020428546E-4	
31	jArrayList2	6	0.7482456352619454	4	0.1035793974834419	19	0.06401326144811961	11	0.03981928483969688	16	0.0390943728149814	8	0.0012267300780638708	1	0.0010107352197810807	14	6.893105522055125E-4	9	5.064805546872034E-4	17	2.581725053888366E-4	15	2.2367684503971658E-4	12	2.16306482683957E-4	2	2.1254776638370424E-4	3	1.574150897847219E-4	10	1.5603962328571881E-4	13	1.391464828135491E-4	7	1.2876891165197017E-4	18	1.2804069735153158E-4	5	1.110124685435844E-4	0	8.366487414987326E-5	
32	jArrayList3	6	0.5288584275258922	19	0.16459281432407796	1	0.10041663449227534	8	0.059392441196016936	11	0.042742192906947106	4	0.04180736506183566	14	0.0339235800275667	2	0.01679258066799409	5	0.008402359731028588	9	6.487234790502053E-4	16	5.12843004078425E-4	17	3.306791629826525E-4	15	2.86495542137355E-4	12	2.770552446470754E-4	3	2.0162445281480287E-4	10	1.99862692359653E-4	13	1.7822518474406863E-4	7	1.6493311655758458E-4	18	1.6400038634691266E-4	0	1.0716180064666691E-4	
33	jArrayList4	6	0.49677635176216567	11	0.26215291463707574	19	0.13960065080803707	1	0.08376725972689404	14	0.013414286112586448	8	0.0012111092001653538	9	5.000311563686842E-4	16	3.952955128745675E-4	4	3.9041844673731534E-4	17	2.5488500045556044E-4	15	2.2082859932733825E-4	12	2.135520893458588E-4	2	2.0984123561083645E-4	3	1.554106049017946E-4	10	1.5405265325354689E-4	13	1.3737462586073916E-4	7	1.271292001278058E-4	18	1.264102587284516E-4	5	1.095988631813769E-4	0	8.259950630175409E-5	
34	jArrayList5	6	0.4148833734479351	19	0.23310023843057545	11	0.09753574068505029	1	0.0760844990536785	14	0.06492344407115061	16	0.04318479317409086	8	0.03391582439822261	17	0.03231915498690346	9	8.349343724230419E-4	4	6.51906939512088E-4	15	3.687317992970921E-4	12	3.565817398109248E-4	2	3.5038548724757425E-4	3	2.5949914164126995E-4	10	2.572316819184711E-4	13	2.2938330055840848E-4	7	2.1227585036139246E-4	18	2.110753873933686E-4	5	1.8300431259757533E-4	0	1.379217396318772E-4	
35	jBankAccount	1	0.4863459910817469	19	0.3734780420313394	11	0.12760107737387505	8	0.002969274709105349	14	0.0016684618939266805	9	0.001225925677195355	16	9.691454485202734E-4	4	9.571883523855897E-4	17	6.249011942768424E-4	15	5.414051639111491E-4	12	5.23565354705167E-4	2	5.144674598637383E-4	6	3.9222765053466095E-4	3	3.8101995971846254E-4	10	3.776906715875663E-4	13	3.368011754723778E-4	7	3.116824797274667E-4	18	3.099198521178839E-4	5	2.6870337748794966E-4	0	2.0250909250206395E-4	
36	jBa_ques	1	0.4304237161014958	19	0.41285883158599035	11	0.14521944304191817	8	0.0027149938849831494	14	0.001525579235039254	9	0.0011209406481733266	16	8.86150398386207E-4	4	8.752172763048206E-4	17	5.71386310595521E-4	15	4.950406591918058E-4	12	4.7872860401045774E-4	2	4.704098287940883E-4	6	3.5863831307267905E-4	3	3.483904192225581E-4	10	3.453462425119923E-4	13	3.0795841457800235E-4	7	2.8499081742807954E-4	18	2.833791365799435E-4	5	2.456923317054457E-4	0	1.8516675001830672E-4	
37	jBoolean_Method	2	0.33353306484037004	19	0.23185834182851114	9	0.16779973621631342	11	0.11944969259155228	16	0.11757820490995864	14	0.01842879300189734	8	0.0031670191022669537	1	0.0026093904483313777	4	0.0010209340978713196	17	6.665176560576617E-4	15	5.774610516550038E-4	12	5.58433167046386E-4	6	4.183487832470827E-4	3	4.06394695335191E-4	10	4.0284368704513075E-4	13	3.5923107859170465E-4	7	3.3243955640474803E-4	18	3.305595433185173E-4	5	2.8659818060565705E-4	0	2.159955636203235E-4	
38	jBoolean_Operators	19	0.5445917064427075	14	0.10501413107378159	16	0.10278114073773063	12	0.10135835703235448	3	0.10090319472129386	8	0.00948120378702021	11	0.008697313478750171	1	0.007811813507163504	9	0.003914508528829262	4	0.003056402226341766	17	0.001995374679049556	15	0.0017287631469886204	2	0.0016427482488571865	6	0.0012524237903012176	10	0.0012060057005830874	13	0.0010754412754634315	7	9.952346605310543E-4	18	9.896064067639522E-4	5	8.579979051488564E-4	0	6.46632650340091E-4	
39	jBoolean_Operators2	19	0.350075303369338	11	0.2251913322972899	1	0.22486272082284706	12	0.13009925474318615	16	0.056639341905662305	8	0.003518500797197466	14	0.0019770769224796356	9	0.0014526848793375354	4	0.0011342392708256941	17	7.404890303649936E-4	15	6.415487576769765E-4	2	6.096283924528234E-4	6	4.6477791255121275E-4	3	4.5149713763651365E-4	10	4.475520318142948E-4	13	3.990992146205493E-4	7	3.693343192634405E-4	18	3.6724565881364734E-4	5	3.184053819613963E-4	0	2.399671546803206E-4	
40	jBoolean_Operators3	19	0.5731598740290577	8	0.2722683466270561	11	0.061611512417976376	16	0.05571487360621868	1	0.008221605273703083	14	0.005607046395849861	9	0.004119855643643535	4	0.003216734838793349	17	0.0021000479554771404	15	0.0018194505274903884	12	0.0017594979218749035	2	0.0017289234636471541	6	0.001318123381953411	3	0.0012804587264850936	10	0.001269270294143283	13	0.0011318567262006522	7	0.001047442636218959	18	0.0010415191357653303	5	9.030067212087619E-4	0	6.805536772363478E-4	
41	jBoolean_Var	19	0.3424824562159538	8	0.23751093544746057	12	0.2314993524825932	1	0.08275091117947028	16	0.07911964533574005	11	0.006695083873104507	14	0.004101099372668458	9	0.00301334003730322	4	0.002352780465519341	17	0.0015360146402847055	15	0.0013307803949000763	2	0.0012645671948431265	6	9.641002754730031E-4	3	9.365516368480006E-4	10	9.283682066391647E-4	13	8.278613341255405E-4	7	7.661192783215188E-4	18	7.617867184888842E-4	5	6.604761288591659E-4	0	4.977697814034519E-4	
42	jClass1	1	0.6084993730797078	19	0.29356753932074353	11	0.08474039779331752	8	0.003115154224305253	14	0.001750432892254711	9	0.0012861550129694966	16	0.0010167592539235897	4	0.0010042147094864713	17	6.55602389753772E-4	15	5.680042261656078E-4	12	5.492879528486268E-4	2	5.397430813483065E-4	6	4.1149766934852597E-4	3	3.997393482731051E-4	10	3.9624649328293284E-4	13	3.533481093232615E-4	7	3.2699534010361103E-4	18	3.251461151642576E-4	5	2.819046883401643E-4	0	2.1245829933940459E-4	
43	jClasses4	1	0.6112232884874107	19	0.24860074462567558	11	0.12760107737387505	8	0.002969274709105349	14	0.0016684618939266805	9	0.001225925677195355	16	9.691454485202734E-4	4	9.571883523855897E-4	17	6.249011942768424E-4	15	5.414051639111491E-4	12	5.23565354705167E-4	2	5.144674598637383E-4	6	3.9222765053466095E-4	3	3.8101995971846254E-4	10	3.776906715875663E-4	13	3.368011754723778E-4	7	3.116824797274667E-4	18	3.099198521178839E-4	5	2.6870337748794966E-4	0	2.0250909250206395E-4	
44	jClasses_Getter	1	0.5635313963100939	19	0.3141460668147286	11	0.10820506454522004	8	0.003333520624763547	14	0.0018731349167461977	9	0.0013763120390397469	16	0.0010880321484338035	4	0.0010746082552335484	17	7.015588733414554E-4	15	6.078202446937256E-4	12	5.877919961293122E-4	2	5.775780472471727E-4	6	4.403428751978945E-4	3	4.277603181252189E-4	10	4.2402262062754705E-4	13	3.7811714134730926E-4	7	3.4991709300686766E-4	18	3.4793824090796827E-4	5	3.0166567210939896E-4	0	2.2735122300663758E-4	
45	jConstants1	5	0.4823063399525529	19	0.4791706263254576	8	0.006545128007256953	11	0.006003987607100234	1	0.005392703344611174	14	0.003677765697290707	9	0.0027022897073219507	16	0.002136272874572411	4	0.002109916025690563	17	0.0013774603932359042	15	0.001193411337361941	12	0.00115408731169327	2	0.0011340329576279117	6	8.64581566960674E-4	3	8.398766210582859E-4	10	8.325379208285847E-4	13	7.424058136828698E-4	7	6.870370468518213E-4	18	6.831517130703198E-4	0	4.463877757739731E-4	
46	jConstants2	5	0.4809987439776207	19	0.477631294999765	8	0.007028825728065154	11	0.006447693997272453	1	0.005791234635961178	14	0.003949559752880407	9	0.0029019941853620813	16	0.0022941476051062323	4	0.0022658429337039233	17	0.0014792574019381083	15	0.0012816067619936073	12	0.0012393766141577534	2	0.001217840204226881	6	9.284758304384827E-4	3	9.019451408665399E-4	10	8.940640963815597E-4	13	7.972710507867138E-4	7	7.378104241340629E-4	18	7.336379566108519E-4	0	4.7937670272836026E-4	
47	jConstants3	19	0.3967044695158778	10	0.3001773055633221	8	0.2724362675376899	11	0.005804273324334727	1	0.005213322581172801	14	0.0035554299453738666	9	0.002612401805141042	16	0.002065212733736661	4	0.0020397326087115003	17	0.0013316410923853038	15	0.0011537141719308189	12	0.0011156982051882829	2	0.0010963109312704172	6	8.358224657037638E-4	3	8.119392954069451E-4	13	7.177107186388235E-4	7	6.641837166945306E-4	18	6.604276231280754E-4	5	5.72596855955367E-4	0	4.315393083373379E-4	
48	jConstants4	1	0.42557624927454074	19	0.42114609735607783	10	0.09650244910625203	17	0.03918401670760985	8	0.0036536642928910678	11	0.003351585348781615	14	0.002053026494044419	9	0.0015084898877061267	16	0.0011925242582028774	4	0.001177811165116545	15	6.661939056373171E-4	12	6.442421900590958E-4	2	6.330473169742067E-4	6	4.826323940484558E-4	3	4.6884143707996256E-4	13	4.1443064356882505E-4	7	3.835223273238695E-4	18	3.8135343081219003E-4	5	3.3063695073291344E-4	0	2.4918551254003013E-4	
49	jConstants5	1	0.5306294084198487	19	0.24359928632149466	11	0.17289849816748115	17	0.03844557181586634	8	0.003584808928894984	14	0.0020143360520089863	9	0.0014800615450955286	16	0.0011700504660615242	4	0.0011556146495115005	15	6.536391058014697E-4	12	6.321010826824648E-4	2	6.211171832939412E-4	6	4.7353691441362266E-4	3	4.6000585580628086E-4	10	4.559864022400943E-4	13	4.0662046438252577E-4	7	3.762946327872118E-4	18	3.741666103533922E-4	5	3.24405910941555E-4	0	2.444894710340061E-4	
50	jDouble1	19	0.7439648229557579	13	0.20044855778851378	8	0.00948120378702021	11	0.008697313478750171	1	0.007811813507163504	14	0.005327572817256397	9	0.003914508528829262	16	0.0030945824812054477	4	0.003056402226341766	17	0.001995374679049556	15	0.0017287631469886204	12	0.0016717987758292946	2	0.0016427482488571865	6	0.0012524237903012176	3	0.0012166364647686774	10	0.0012060057005830874	7	9.952346605310543E-4	18	9.896064067639522E-4	5	8.579979051488564E-4	0	6.46632650340091E-4	
51	jDowhile1	19	0.585874456554866	14	0.18614457710099244	12	0.18282019888250894	8	0.008621732907285858	11	0.007908902235323438	1	0.007103672813413832	9	0.003559658431249207	16	0.002814058658779724	4	0.002779339443038636	17	0.0018144940156521333	15	0.0015720508121236396	2	0.001493833162298216	6	0.0011388916058834497	3	0.0011063484004911071	10	0.0010966813148058513	13	9.779525514692724E-4	7	9.05016664120118E-4	18	8.998986114124217E-4	5	7.802204170878936E-4	0	5.880154171978614E-4	
52	jDowhile2	19	0.5787369537225596	12	0.3338561005653265	16	0.044137942463955526	8	0.007905132820206117	11	0.007251549462802667	1	0.006513247128529001	14	0.004441964509547541	9	0.0032637954569216562	4	0.0025483331119073895	17	0.0016636813445099795	15	0.0014413889415953152	2	0.0013696723948867263	6	0.0010442320017497158	3	0.0010143936428271938	10	0.001005530042301865	13	8.966694856310211E-4	7	8.297957047966108E-4	18	8.251030418632735E-4	5	7.153719666848315E-4	0	5.391421913974966E-4	
53	jDowhile3	19	0.6256178296835028	12	0.3165072318485457	8	0.009978568354830472	11	0.009153556763531256	1	0.008221605273703083	14	0.005607046395849861	9	0.004119855643643535	16	0.003256917951773546	4	0.003216734838793349	17	0.0021000479554771404	15	0.0018194505274903884	2	0.0017289234636471541	6	0.001318123381953411	3	0.0012804587264850936	10	0.001269270294143283	13	0.0011318567262006522	7	0.001047442636218959	18	0.0010415191357653303	5	9.030067212087619E-4	0	6.805536772363478E-4	
54	jDowhile4	19	0.4890059938517648	11	0.18477951381393481	1	0.12997371024219095	14	0.09274643783605693	12	0.09141440855275032	8	0.0034546011165335617	9	0.0014263025917538895	16	0.0011275517682061559	4	0.0011136402909249503	17	7.270409695849206E-4	15	6.298975564669225E-4	2	5.985568986983206E-4	6	4.563370560889052E-4	3	4.432974740358631E-4	10	4.394240154909238E-4	13	3.918511524948334E-4	7	3.626268189900422E-4	18	3.605760908140923E-4	5	3.126228048350226E-4	0	2.3560909838369798E-4	
55	jDowhile6	19	0.6202947295656371	12	0.16762499719301663	14	0.12911529203877997	1	0.04807102297160648	8	0.007905132820206117	11	0.007251549462802667	9	0.0032637954569216562	16	0.0025801666208780456	4	0.0025483331119073895	17	0.0016636813445099795	15	0.0014413889415953152	2	0.0013696723948867263	6	0.0010442320017497158	3	0.0010143936428271938	10	0.001005530042301865	13	8.966694856310211E-4	7	8.297957047966108E-4	18	8.251030418632735E-4	5	7.153719666848315E-4	0	5.391421913974966E-4	
56	jDowhile8	19	0.4416197102775324	16	0.2790150074260541	14	0.14161058990006195	12	0.11184743140004964	8	0.005274683463816455	11	0.004838581325379301	1	0.004345950625495772	9	0.0021777607432350594	4	0.0017003699787707502	17	0.0011100879234459099	15	9.617637790635473E-4	2	9.139110621504428E-4	6	6.967616354197534E-4	3	6.76852052370908E-4	10	6.70937833320556E-4	13	5.983008528683309E-4	7	5.536794614315515E-4	18	5.505482918309003E-4	5	4.7733045971161186E-4	0	3.597415079910059E-4	
57	jeg_interface1_v2	18	0.3862628192205363	19	0.31605013795576864	11	0.14012911637404551	8	0.07240152959627763	9	0.06986688012464819	1	0.0035569054995897736	14	0.002425771305956964	16	0.001409037406773751	4	0.0013916530237011344	17	9.085418082683621E-4	15	7.871472020387092E-4	12	7.612099616179699E-4	2	7.479825619804442E-4	6	5.702585018772429E-4	3	5.539636767530161E-4	10	5.491232355978487E-4	13	4.896741305554642E-4	7	4.531541407355791E-4	5	3.906669641642018E-4	0	2.9442730911328715E-4	
58	jExceptions1	0	0.26739718514359645	1	0.2342092925696394	19	0.23152931628642517	8	0.13002376397253676	11	0.060124560971677114	9	0.059009598727877616	17	0.012084570115179454	14	0.0012419579314919956	16	7.214056736569461E-4	4	7.125051345219869E-4	15	4.030073685936539E-4	12	3.8972789687163016E-4	2	3.8295566988860935E-4	6	2.919636602461114E-4	3	2.836209581720901E-4	10	2.8114272608573566E-4	13	2.5070569051433705E-4	7	2.320080124177119E-4	18	2.3069596007300048E-4	5	2.0001553053420343E-4	
59	jExceptions2	0	0.2940527256056456	19	0.257763193779201	1	0.20169463364948173	11	0.09609941116040802	8	0.08452829065074827	9	0.05970331606899736	14	0.0012565583994258707	16	7.298865248504245E-4	4	7.208813509022086E-4	17	4.706279761845915E-4	15	4.077451266231858E-4	12	3.943095413194216E-4	2	3.87457699978781E-4	6	2.953959875022843E-4	3	2.869552085522071E-4	10	2.84447842348511E-4	13	2.5365298872982267E-4	7	2.3473550057154778E-4	18	2.3340802372838853E-4	5	2.0236691480076503E-4	
60	jExceptions3	19	0.30478722756860704	0	0.28229671715829413	1	0.1546705998600756	8	0.11979631599280283	11	0.0843434027130565	9	0.04794730762164584	14	0.0012565583994258707	16	7.298865248504245E-4	4	7.208813509022086E-4	17	4.706279761845915E-4	15	4.077451266231858E-4	12	3.943095413194216E-4	2	3.87457699978781E-4	6	2.953959875022843E-4	3	2.869552085522071E-4	10	2.84447842348511E-4	13	2.5365298872982267E-4	7	2.3473550057154778E-4	18	2.3340802372838853E-4	5	2.0236691480076503E-4	
61	jExceptions4	0	0.24702869181623954	1	0.17818261675477867	8	0.16682034978220892	19	0.1637151262003888	9	0.14199537520045802	11	0.07258739426570497	2	0.023899474594681825	14	0.0012565583994258707	16	7.298865248504245E-4	4	7.208813509022086E-4	17	4.706279761845915E-4	15	4.077451266231858E-4	12	3.943095413194216E-4	6	2.953959875022843E-4	3	2.869552085522071E-4	10	2.84447842348511E-4	13	2.5365298872982267E-4	7	2.3473550057154778E-4	18	2.3340802372838853E-4	5	2.0236691480076503E-4	
62	jExceptions5	8	0.22176274653705816	0	0.20999767516821397	1	0.1614657367281251	19	0.15916072132869188	9	0.15069060088789418	11	0.051712412453763	16	0.040595333976920514	14	0.0010681930938970302	4	6.12817104962839E-4	17	4.0007814534112634E-4	15	3.4662179531652713E-4	12	3.3520028125040596E-4	2	3.293755701952774E-4	6	2.5111443603337947E-4	3	2.4393897822282048E-4	10	2.41807480583011E-4	13	2.1562895200997955E-4	7	1.9954730374454195E-4	18	1.9841882328806748E-4	5	1.7203095448822266E-4	
63	jFor1	19	0.6311994437105566	14	0.3221195385680642	8	0.008621732907285858	11	0.007908902235323438	1	0.007103672813413832	9	0.003559658431249207	16	0.002814058658779724	4	0.002779339443038636	17	0.0018144940156521333	15	0.0015720508121236396	12	0.0015202502597465707	2	0.001493833162298216	6	0.0011388916058834497	3	0.0011063484004911071	10	0.0010966813148058513	13	9.779525514692724E-4	7	9.05016664120118E-4	18	8.998986114124217E-4	5	7.802204170878936E-4	0	5.880154171978614E-4	
64	jFor2	19	0.6202947295656371	14	0.33690417125416733	8	0.007905132820206117	11	0.007251549462802667	1	0.006513247128529001	9	0.0032637954569216562	16	0.0025801666208780456	4	0.0025483331119073895	17	0.0016636813445099795	15	0.0014413889415953152	12	0.0013938938207067142	2	0.0013696723948867263	6	0.0010442320017497158	3	0.0010143936428271938	10	0.001005530042301865	13	8.966694856310211E-4	7	8.297957047966108E-4	18	8.251030418632735E-4	5	7.153719666848315E-4	0	5.391421913974966E-4	
65	jFor3	19	0.5371791778794821	14	0.3784619470972448	9	0.04482157129999913	8	0.007905132820206117	11	0.007251549462802667	1	0.006513247128529001	16	0.0025801666208780456	4	0.0025483331119073895	17	0.0016636813445099795	15	0.0014413889415953152	12	0.0013938938207067142	2	0.0013696723948867263	6	0.0010442320017497158	3	0.0010143936428271938	10	0.001005530042301865	13	8.966694856310211E-4	7	8.297957047966108E-4	18	8.251030418632735E-4	5	7.153719666848315E-4	0	5.391421913974966E-4	
66	jFor4	19	0.45794565810570365	1	0.24282914195625338	11	0.1433096222577785	14	0.14195918629516555	8	0.003799627285613827	9	0.0015687536888796547	16	0.0012401653099438537	4	0.001224864432395969	17	7.996537407959698E-4	15	6.928081888350607E-4	12	6.699795076014478E-4	2	6.583374020814932E-4	6	5.019134398624707E-4	3	4.8757153754425033E-4	10	4.833112197012996E-4	13	4.3098704617237655E-4	7	3.988439502713062E-4	18	3.96588406875739E-4	5	3.4384581585158476E-4	0	2.5914041267255356E-4	
67	jFor5	19	0.4906957446322366	14	0.15534027444464382	5	0.13859228422199474	11	0.11027013563286851	1	0.09462733594239929	8	0.0029236377120953807	9	0.0012070835113650788	16	9.542499294897453E-4	4	9.424766108812276E-4	17	6.152966218715728E-4	15	5.3308390425443E-4	12	5.155182883781843E-4	2	5.065602258663149E-4	6	3.861992113135319E-4	3	3.751637798543741E-4	10	3.7188566203520717E-4	13	3.316246270745982E-4	7	3.0689199929405885E-4	18	3.051564628224908E-4	0	1.993965792608109E-4	
68	jIfelse1	19	0.5405494693991755	16	0.41073894305999503	8	0.008621732907285858	11	0.007908902235323438	1	0.007103672813413832	14	0.004844628478230092	9	0.003559658431249207	4	0.002779339443038636	17	0.0018144940156521333	15	0.0015720508121236396	12	0.0015202502597465707	2	0.001493833162298216	6	0.0011388916058834497	3	0.0011063484004911071	10	0.0010966813148058513	13	9.779525514692724E-4	7	9.05016664120118E-4	18	8.998986114124217E-4	5	7.802204170878936E-4	0	5.880154171978614E-4	
69	jIfelse2	19	0.3255565137683128	1	0.22077897695521986	16	0.21906019187947548	11	0.20294056715654057	14	0.020102224465633825	8	0.0034546011165335617	9	0.0014263025917538895	4	0.0011136402909249503	17	7.270409695849206E-4	15	6.298975564669225E-4	12	6.091418397214345E-4	2	5.985568986983206E-4	6	4.563370560889052E-4	3	4.432974740358631E-4	10	4.394240154909238E-4	13	3.918511524948334E-4	7	3.626268189900422E-4	18	3.605760908140923E-4	5	3.126228048350226E-4	0	2.3560909838369798E-4	
70	jIfelse3	1	0.2610398604903048	19	0.2570675037933698	16	0.22496447000236908	11	0.2096777159469419	8	0.03772152018121921	14	0.00184087446496238	9	0.0013526082215635038	4	0.0010561005932949868	17	6.89476131193732E-4	15	5.973519353787553E-4	12	5.776686274490769E-4	2	5.676305904046212E-4	6	4.327589793628065E-4	3	4.2039312797007483E-4	10	4.167198037371519E-4	13	3.7160494102579726E-4	7	3.4389057382431414E-4	18	3.4194580291313547E-4	5	2.9647017295826285E-4	0	2.234356197565854E-4	
71	jIfelse4	19	0.27429020969426504	1	0.22659444868851425	11	0.19245501004604665	16	0.156073646398788	14	0.1396225216721245	8	0.0032761083794286758	9	0.0013526082215635038	4	0.0010561005932949868	17	6.89476131193732E-4	15	5.973519353787553E-4	12	5.776686274490769E-4	2	5.676305904046212E-4	6	4.327589793628065E-4	3	4.2039312797007483E-4	10	4.167198037371519E-4	13	3.7160494102579726E-4	7	3.4389057382431414E-4	18	3.4194580291313547E-4	5	2.9647017295826285E-4	0	2.234356197565854E-4	
72	jIfelse5	16	0.4723091486178495	14	0.2658522310170103	19	0.22475372239542316	1	0.021799182415917665	8	0.003584808928894984	11	0.003288422832837466	9	0.0014800615450955286	4	0.0011556146495115005	17	7.544439637232919E-4	15	6.536391058014697E-4	12	6.321010826824648E-4	2	6.211171832939412E-4	6	4.7353691441362266E-4	3	4.6000585580628086E-4	10	4.559864022400943E-4	13	4.0662046438252577E-4	7	3.762946327872118E-4	18	3.741666103533922E-4	5	3.24405910941555E-4	0	2.444894710340061E-4	
73	jIncrement	19	0.678075785337948	13	0.26342163499842625	8	0.009978568354830472	11	0.009153556763531256	1	0.008221605273703083	14	0.005607046395849861	9	0.004119855643643535	16	0.003256917951773546	4	0.003216734838793349	17	0.0021000479554771404	15	0.0018194505274903884	12	0.0017594979218749035	2	0.0017289234636471541	6	0.001318123381953411	3	0.0012804587264850936	10	0.001269270294143283	7	0.001047442636218959	18	0.0010415191357653303	5	9.030067212087619E-4	0	6.805536772363478E-4	
74	jInheritance1	3	0.5067982123312014	8	0.1587687401414207	19	0.13642124736372252	11	0.12442923571673442	1	0.06953667584867629	14	7.317840043107341E-4	9	5.376885167775899E-4	16	4.250652290347446E-4	4	4.198208709099244E-4	17	2.740803969878159E-4	15	2.37459207335556E-4	12	2.2963470318331026E-4	2	2.2564438494943685E-4	6	1.720302523866084E-4	10	1.6565436289029528E-4	13	1.4772031278681972E-4	7	1.3670330375461834E-4	18	1.3593021885831692E-4	5	1.1785275664113639E-4	0	8.882007743774428E-5	
75	jInheritance2	3	0.47432423808396196	19	0.16612585978812394	11	0.14849458368086713	8	0.12296466420743432	1	0.06508099276652521	4	0.0196159403230118	14	6.848936753152594E-4	9	5.032351927089154E-4	16	3.978284374178666E-4	17	2.5651822029324053E-4	15	2.2224359686938235E-4	12	2.1492046138844398E-4	2	2.1118582971464946E-4	6	1.610071156631151E-4	10	1.5503977234212118E-4	13	1.3825487759681085E-4	7	1.2794380252192879E-4	18	1.272202543808932E-4	5	1.1030113690174133E-4	0	8.312877696120244E-5	
76	jInheritance3	3	0.5332657376141232	19	0.13272396015335527	8	0.11987171938971182	11	0.10494735956553423	1	0.10481582317459502	14	7.913830867686828E-4	9	5.81479774934843E-4	16	4.5968404754678647E-4	4	4.5401257031239437E-4	17	2.9640247574870657E-4	15	2.5679872664046484E-4	12	2.4833696714317847E-4	2	2.440216632522626E-4	6	1.8604100574669082E-4	10	1.7914584121622135E-4	13	1.5975117852129022E-4	7	1.4783690523367707E-4	18	1.470008575639203E-4	5	1.274511027645495E-4	0	9.605389928674674E-5	
77	jInheritance4	3	0.45267528746805497	6	0.16901688196636755	11	0.13625624775388406	1	0.11587459927277566	19	0.08730129085178548	8	0.03505416154446053	14	7.218992313367743E-4	9	5.304255417907866E-4	16	4.1932354397005084E-4	4	4.141500254497487E-4	17	2.7037818091739336E-4	15	2.3425166201991427E-4	12	2.265328495017069E-4	2	2.2259643158487153E-4	10	1.634167411881663E-4	13	1.457249401810528E-4	7	1.3485674641741958E-4	18	1.3409410417720863E-4	5	1.1626082823481624E-4	0	8.762031590178587E-5	
78	jInheritance5	3	0.5219969354536123	19	0.1390980425265719	11	0.11887513005236432	8	0.11164117425890437	1	0.10404547479618309	14	7.855667829022392E-4	9	5.772061644423295E-4	16	4.5630557996542107E-4	4	4.506757854956955E-4	17	2.942240530675246E-4	15	2.5491137340834637E-4	12	2.4651180397463837E-4	2	2.4222821559435857E-4	6	1.8467368941262586E-4	10	1.7782920118897778E-4	13	1.5857708039759111E-4	7	1.4675037157142173E-4	18	1.4592046846979566E-4	5	1.2651439543002866E-4	0	9.534794704294829E-5	
79	jInheritance6	3	0.427657332143712	11	0.15198072846794833	19	0.1504190054067823	1	0.12043493027589414	2	0.07564906316962654	17	0.06311989716975418	4	0.00667233116465132	8	0.0011958811449634334	14	6.719762620542716E-4	9	4.937439429193745E-4	16	3.9032520805787265E-4	15	2.1805197926676873E-4	12	2.1086696152699643E-4	6	1.5797044657718323E-4	10	1.5211565012663891E-4	13	1.356473263028918E-4	7	1.2553072289961045E-4	18	1.2482082121303758E-4	5	1.0822080615863622E-4	0	8.156092956446009E-5	
80	jInteger1	19	0.7917527528837439	17	0.13543440792427877	8	0.012628410812352478	11	0.011584314612436617	1	0.010404880263516526	14	0.007096016463768097	9	0.005213897195015336	16	0.004121803490699312	4	0.004070949616637564	15	0.002302611747182885	12	0.002226738525087173	2	0.0021880449164315566	6	0.0016681554885192614	3	0.0016204888568496615	10	0.0016063292985909663	13	0.0014324250945544612	7	0.0013255945584762405	18	0.0013180980525131013	5	0.0011428031994408705	0	8.612769999052377E-4	
81	jInterfaces1	18	0.41492354899718237	8	0.21888745216264863	1	0.12346233696606118	19	0.11509417195923455	11	0.055585018467847365	9	0.054932529788740754	13	0.013746340205626827	14	7.268080105239139E-4	16	4.221748653123748E-4	4	4.169661678378165E-4	17	2.7221670176563734E-4	15	2.3584452932487996E-4	12	2.2807323033128372E-4	2	2.2411004551194552E-4	6	1.708604789808243E-4	3	1.6597823414542245E-4	10	1.645279443355768E-4	7	1.357737469644812E-4	5	1.1705138003089154E-4	0	8.821611759321145E-5	
82	jInterfaces2	18	0.554495669293118	19	0.15055977317170607	1	0.13569910940312777	11	0.10225263025742665	9	0.051053158277302745	8	0.0015976456882511331	14	8.977313357599158E-4	16	5.214576618217813E-4	4	5.150240357834086E-4	17	3.3623386059829837E-4	15	2.91308050099603E-4	12	2.817091759470165E-4	2	2.7681396957860674E-4	6	2.110417108824471E-4	3	2.050113092989081E-4	10	2.032199550631544E-4	13	1.8121898392940724E-4	7	1.6770363763009472E-4	5	1.445783346167679E-4	0	1.0896188805819694E-4	
83	jInterfaces3	18	0.49234010096409736	19	0.19631617874934223	11	0.1300478415609209	1	0.12991331713006832	9	0.04602758992550298	8	0.0014403767184323977	14	8.093605014834448E-4	16	4.701264374571541E-4	4	4.64326124390922E-4	17	3.031356879162471E-4	15	2.6263228220189147E-4	12	2.539783015638673E-4	2	2.4956496928573384E-4	6	1.9026719704415187E-4	3	1.848304158431613E-4	10	1.8321539884995716E-4	13	1.6338015826001018E-4	7	1.5119523497305096E-4	5	1.3034633943129136E-4	0	9.823590293494015E-5	
84	jInterfaces4	18	0.5119013056955428	19	0.16732447001435463	1	0.137184804722733	11	0.1293308813792874	9	0.04860383889256202	8	0.0015209972557893036	14	8.546618991733941E-4	16	4.964402798904957E-4	4	4.903153126207807E-4	17	3.201027505875049E-4	15	2.77332294669068E-4	12	2.681939347985933E-4	2	2.635335801857856E-4	6	2.009168024361261E-4	3	1.9517571457958722E-4	10	1.9347030211125052E-4	13	1.725248465792671E-4	7	1.59657910697633E-4	5	1.376420640795578E-4	0	1.0373434732174967E-4	
85	jInterfaces5	18	0.4323828632811568	19	0.19536348314603036	11	0.1767795698642259	1	0.12938237330955626	9	0.05456152168891324	3	0.006918744254294799	8	0.0012847264525090024	14	7.218992313367743E-4	16	4.1932354397005084E-4	4	4.141500254497487E-4	17	2.7037818091739336E-4	15	2.3425166201991427E-4	12	2.265328495017069E-4	2	2.2259643158487153E-4	6	1.6970650660987974E-4	10	1.634167411881663E-4	13	1.457249401810528E-4	7	1.3485674641741958E-4	5	1.1626082823481624E-4	0	8.762031590178587E-5	
86	jInt_Long	19	0.3487607850278964	8	0.2749440627643074	13	0.24341268478291664	10	0.10857751371775631	11	0.004708030741807868	1	0.004228691794409238	14	0.0028839223358047197	9	0.0021190022111800028	16	0.001675159747912062	4	0.0016544920079176993	17	0.0010801364528647878	15	9.358142673841562E-4	12	9.04978307376377E-4	2	8.892526727439619E-4	6	6.7796219153377E-4	3	6.585897923226866E-4	7	5.387405419548306E-4	18	5.356938549723557E-4	5	4.644515256023693E-4	0	3.5003526133627766E-4	
87	jMathFuc1	19	0.3839334579479849	8	0.32805131124635517	10	0.25832101029666027	11	0.0056174177493049015	1	0.005045491341276346	14	0.0034409708443291654	9	0.0025283013821885214	16	0.001998727836944605	4	0.0019740679874556506	17	0.0012887718909974592	15	0.0011165729290964455	12	0.0010797808012272805	2	0.0010610176571554364	6	8.089150341055415E-4	3	7.85800728965475E-4	13	6.946056301044723E-4	7	6.42801810058935E-4	18	6.391666355092125E-4	5	5.541633830981815E-4	0	4.176468671820812E-4	
88	jMathFuc2	19	0.35174069847774714	10	0.290513769766898	8	0.19928027336540427	2	0.12983205553810637	11	0.0056174177493049015	1	0.005045491341276346	14	0.0034409708443291654	9	0.0025283013821885214	16	0.001998727836944605	4	0.0019740679874556506	17	0.0012887718909974592	15	0.0011165729290964455	12	0.0010797808012272805	6	8.089150341055415E-4	3	7.85800728965475E-4	13	6.946056301044723E-4	7	6.42801810058935E-4	18	6.391666355092125E-4	5	5.541633830981815E-4	0	4.176468671820812E-4	
89	jNested1	14	0.5023529932861188	19	0.46552519570599943	8	0.005932725731500778	11	0.0054422177425348175	1	0.004888128980739888	9	0.002449446926450197	16	0.0019363900963328118	4	0.0019124993557102844	17	0.001248576759692548	15	0.0010817484610815473	12	0.001046103832177109	2	0.00102792588634316	6	7.836860186082962E-4	3	7.612926188019175E-4	10	7.546405723270058E-4	13	6.729417773294315E-4	7	6.227536515455178E-4	18	6.192318533965091E-4	5	5.368797426777147E-4	0	4.0462100063212426E-4	
90	jNested2	19	0.4416197102775324	14	0.3634453071836673	8	0.17165072142652046	11	0.004838581325379301	1	0.004345950625495772	9	0.0021777607432350594	16	0.0017216108215474305	4	0.0017003699787707502	17	0.0011100879234459099	15	9.617637790635473E-4	12	9.300727582469563E-4	2	9.139110621504428E-4	6	6.967616354197534E-4	3	6.76852052370908E-4	10	6.70937833320556E-4	13	5.983008528683309E-4	7	5.536794614315515E-4	18	5.505482918309003E-4	5	4.7733045971161186E-4	0	3.597415079910059E-4	
91	jNested3	19	0.4338515818114086	14	0.22729988106587215	1	0.19587757529974695	11	0.13171307044130298	8	0.00306496071168788	9	0.0012654315966558853	16	0.0010003765278156949	4	9.88034109727433E-4	17	6.450388720424057E-4	15	5.588521504608733E-4	12	5.40437446643584E-4	2	5.310463686936263E-4	6	4.0486733519129133E-4	3	3.932984722918585E-4	10	3.898618965894505E-4	13	3.4765472096859746E-4	7	3.2172656573563465E-4	18	3.199071367834595E-4	5	2.773624456413283E-4	0	2.0903502474023562E-4	
92	jObjects1	11	0.567661424499083	19	0.22850541948123124	8	0.18406782349242698	1	0.004012184910965666	14	0.0027362669692339303	9	0.002010510368535152	16	0.0015893924151473369	4	0.0015697828529988786	17	0.0010248340121873348	15	8.879010496884981E-4	12	8.586438752540968E-4	2	8.437233851699171E-4	6	6.432508698489849E-4	3	6.248703276901372E-4	10	6.194103161808577E-4	13	5.523518007806095E-4	7	5.111572983905793E-4	18	5.082666002423522E-4	5	4.406718421428824E-4	0	3.321136328015452E-4	
93	jObjects2	11	0.5581369353208916	19	0.27608739158631546	8	0.15149432436324264	1	0.0028989854737792834	14	0.0019770769224796356	9	0.0014526848793375354	16	0.001148408068395363	4	0.0011342392708256941	17	7.404890303649936E-4	15	6.415487576769765E-4	12	6.20409122896599E-4	2	6.096283924528234E-4	6	4.6477791255121275E-4	3	4.5149713763651365E-4	10	4.475520318142948E-4	13	3.990992146205493E-4	7	3.693343192634405E-4	18	3.6724565881364734E-4	5	3.184053819613963E-4	0	2.399671546803206E-4	
94	jObjects3	11	0.637424596742152	19	0.21737588404149144	8	0.12639687269164324	1	0.0038167683022097003	14	0.002602994943232027	9	0.0019125868862414892	16	0.0015119798126270328	4	0.0014933253495628086	17	9.749186688909516E-4	15	8.446551335875805E-4	12	8.168229527505896E-4	2	8.026291768228931E-4	6	6.119208323869379E-4	3	5.944355289310626E-4	10	5.892414515590646E-4	13	5.254490736770328E-4	7	4.862609817927715E-4	18	4.835110773620822E-4	5	4.192085749015229E-4	0	3.1593777817771586E-4	
95	jObjects4	2	0.41043968160528094	19	0.30530466164750203	9	0.25800798425610455	8	0.0048695917711283915	11	0.0044669819464303005	1	0.004012184910965666	14	0.0027362669692339303	16	0.0015893924151473369	4	0.0015697828529988786	17	0.0010248340121873348	15	8.879010496884981E-4	12	8.586438752540968E-4	6	6.432508698489849E-4	3	6.248703276901372E-4	10	6.194103161808577E-4	13	5.523518007806095E-4	7	5.111572983905793E-4	18	5.082666002423522E-4	5	4.406718421428824E-4	0	3.321136328015452E-4	
96	jObjects5	2	0.466746815171658	19	0.22027175860673084	8	0.15955969602276865	9	0.06831644944506352	4	0.06793440359330316	11	0.0038722155126745365	1	0.0034779734590992192	14	0.0023719405030400175	16	0.0013777691603564653	17	8.883801652880043E-4	15	7.696794523808924E-4	12	7.443177907353944E-4	6	5.576037751307918E-4	3	5.416705519092977E-4	10	5.36937526005195E-4	13	4.7880766859727085E-4	7	4.430981015776289E-4	18	4.405922919848748E-4	5	3.8199759112708085E-4	0	2.878936105691073E-4	
97	jOperator1	19	0.6802066201810029	16	0.25288646080987626	8	0.01184222511455894	11	0.01086312945284948	1	0.00975712116128416	14	0.0066542517209181844	9	0.004889304380812825	4	0.0038175113643827397	17	0.002492265398782454	15	0.0021592619266784835	12	0.00208811221595277	2	0.0020518274901069615	6	0.0015643039424888764	3	0.0015196048120066767	10	0.0015063267615129307	13	0.0013432490185435566	7	0.001243069251180443	18	0.0012360394425602408	5	0.0010716576258494347	0	8.07657928651894E-4	
98	jPrimitive_Float	19	0.49474842731444496	13	0.3998216743015642	4	0.052899681354604364	8	0.00948120378702021	11	0.008697313478750171	1	0.007811813507163504	14	0.005327572817256397	9	0.003914508528829262	16	0.0030945824812054477	17	0.001995374679049556	15	0.0017287631469886204	12	0.0016717987758292946	2	0.0016427482488571865	6	0.0012524237903012176	3	0.0012166364647686774	10	0.0012060057005830874	7	9.952346605310543E-4	18	9.896064067639522E-4	5	8.579979051488564E-4	0	6.46632650340091E-4	
99	jString1	2	0.39553685473717715	19	0.2769457016381475	8	0.16697023966497293	9	0.1411548778395441	11	0.004052055552258219	1	0.0036395034365780256	14	0.0024821022108686775	16	0.0014417578664407875	4	0.0014239697857782922	17	9.296398326716523E-4	15	8.054262187294733E-4	12	7.788866675219648E-4	6	5.835009610346491E-4	3	5.668277398751607E-4	10	5.618748947065675E-4	13	5.010452712801931E-4	7	4.636772196216388E-4	18	4.610550309443851E-4	5	3.997389750155297E-4	0	3.0126445683300153E-4	
100	jString2	9	0.5498815056064393	19	0.3314752168020849	1	0.04223669501380654	7	0.03955842410552073	8	0.023308912038711955	11	0.003417221775683895	14	0.002093232339750773	16	0.0012158782901481428	4	0.0012008770603269907	17	7.839935654332956E-4	15	6.792404442271829E-4	12	6.568588329354441E-4	2	6.454447228649345E-4	6	4.920841198904219E-4	3	4.780230850200473E-4	10	4.738461999444528E-4	13	4.225467270970451E-4	18	3.888217402778993E-4	5	3.371120440960775E-4	0	2.5406548573984335E-4	
101	jString3	19	0.309581651368601	9	0.28314782673376737	8	0.1930649789363789	4	0.1890447525605884	11	0.0054422177425348175	1	0.004888128980739888	14	0.0033336514064438967	16	0.0019363900963328118	17	0.001248576759692548	15	0.0010817484610815473	12	0.001046103832177109	2	0.00102792588634316	6	7.836860186082962E-4	3	7.612926188019175E-4	10	7.546405723270058E-4	13	6.729417773294315E-4	7	6.227536515455178E-4	18	6.192318533965091E-4	5	5.368797426777147E-4	0	4.0462100063212426E-4	
102	jString4	2	0.5333204482071643	19	0.26465418063040164	8	0.0929860629872624	9	0.06831644944506352	4	0.023551981569632337	11	0.0038722155126745365	1	0.0034779734590992192	14	0.0023719405030400175	16	0.0013777691603564653	17	8.883801652880043E-4	15	7.696794523808924E-4	12	7.443177907353944E-4	6	5.576037751307918E-4	3	5.416705519092977E-4	10	5.36937526005195E-4	13	4.7880766859727085E-4	7	4.430981015776289E-4	18	4.405922919848748E-4	5	3.8199759112708085E-4	0	2.878936105691073E-4	
103	jString5	19	0.3407703602360807	4	0.25142217029554775	8	0.1930649789363789	11	0.09900834434497388	9	0.09601557352888924	1	0.004888128980739888	14	0.0033336514064438967	16	0.0019363900963328118	17	0.001248576759692548	15	0.0010817484610815473	12	0.001046103832177109	2	0.00102792588634316	6	7.836860186082962E-4	3	7.612926188019175E-4	10	7.546405723270058E-4	13	6.729417773294315E-4	7	6.227536515455178E-4	18	6.192318533965091E-4	5	5.368797426777147E-4	0	4.0462100063212426E-4	
104	jString6	2	0.675418493747347	19	0.2138549368129758	4	0.055616831293885935	8	0.03211353597745031	11	0.004708030741807868	1	0.004228691794409238	14	0.0028839223358047197	9	0.0021190022111800028	16	0.001675159747912062	17	0.0010801364528647878	15	9.358142673841562E-4	12	9.04978307376377E-4	6	6.7796219153377E-4	3	6.585897923226866E-4	10	6.528351458198379E-4	13	5.821579960595483E-4	7	5.387405419548306E-4	18	5.356938549723557E-4	5	4.644515256023693E-4	0	3.5003526133627766E-4	
105	jString_to_Double	7	0.4442231140286423	19	0.3307023516357297	9	0.11309511938503775	8	0.033004023124267125	11	0.032567920985829966	1	0.03207529028594644	14	0.0029638915978086092	16	0.0017216108215474305	4	0.0017003699787707502	17	0.0011100879234459099	15	9.617637790635473E-4	12	9.300727582469563E-4	2	9.139110621504428E-4	6	6.967616354197534E-4	3	6.76852052370908E-4	10	6.70937833320556E-4	13	5.983008528683309E-4	18	5.505482918309003E-4	5	4.7733045971161186E-4	0	3.597415079910059E-4	
106	jString_to_Int	7	0.43223745482970083	19	0.3487607850278964	9	0.13702485042610063	8	0.03211353597745031	2	0.027870422315728085	11	0.004708030741807868	1	0.004228691794409238	14	0.0028839223358047197	16	0.001675159747912062	4	0.0016544920079176993	17	0.0010801364528647878	15	9.358142673841562E-4	12	9.04978307376377E-4	6	6.7796219153377E-4	3	6.585897923226866E-4	10	6.528351458198379E-4	13	5.821579960595483E-4	18	5.356938549723557E-4	5	4.644515256023693E-4	0	3.5003526133627766E-4	
107	jSwitch1	8	0.4254525356239424	10	0.29418465902613655	4	0.1417929827191205	19	0.12844710085833422	11	0.002051343581595838	1	0.0018424900445058266	14	0.0012565583994258707	9	9.232738322397467E-4	16	7.298865248504245E-4	17	4.706279761845915E-4	15	4.077451266231858E-4	12	3.943095413194216E-4	2	3.87457699978781E-4	6	2.953959875022843E-4	3	2.869552085522071E-4	13	2.5365298872982267E-4	7	2.3473550057154778E-4	18	2.3340802372838853E-4	5	2.0236691480076503E-4	0	1.525144218575491E-4	
108	jSwitch2	10	0.5829870707027845	19	0.38616103095663107	8	0.005274683463816455	11	0.004838581325379301	1	0.004345950625495772	14	0.0029638915978086092	9	0.0021777607432350594	16	0.0017216108215474305	4	0.0017003699787707502	17	0.0011100879234459099	15	9.617637790635473E-4	12	9.300727582469563E-4	2	9.139110621504428E-4	6	6.967616354197534E-4	3	6.76852052370908E-4	13	5.983008528683309E-4	7	5.536794614315515E-4	18	5.505482918309003E-4	5	4.7733045971161186E-4	0	3.597415079910059E-4	
109	jSwitch3	10	0.5949234267163293	19	0.37862549975641185	8	0.004522283802254448	11	0.004148388828212553	1	0.003726028728339443	14	0.002541111529507761	9	0.0018671171837848534	16	0.0014760341137962237	4	0.001457823140589177	17	9.517410228907719E-4	15	8.245743634646759E-4	12	7.974038628841381E-4	2	7.835475287599024E-4	6	5.973730707266408E-4	3	5.803034616118811E-4	13	5.12957085361061E-4	7	4.7470064834207083E-4	18	4.7201611994064695E-4	5	4.092423405279824E-4	0	3.084266962645789E-4	
110	jVariable1	19	0.9292278816764022	8	0.01184222511455894	11	0.01086312945284948	1	0.00975712116128416	14	0.0066542517209181844	9	0.004889304380812825	16	0.0038651993144767915	4	0.0038175113643827397	17	0.002492265398782454	15	0.0021592619266784835	12	0.00208811221595277	2	0.0020518274901069615	6	0.0015643039424888764	3	0.0015196048120066767	10	0.0015063267615129307	13	0.0013432490185435566	7	0.001243069251180443	18	0.0012360394425602408	5	0.0010716576258494347	0	8.07657928651894E-4	
111	jVariables1	17	0.4851371182960248	19	0.4816905967861144	8	0.0057532881038006075	11	0.005277615722258853	1	0.004740285593418063	14	0.003232823805940559	9	0.002375362438888943	16	0.0018778232147823697	4	0.0018546550590247627	15	0.0010490305525839162	12	0.001014464009527422	2	9.968358628287318E-4	6	7.599831261428304E-4	3	7.382670235383201E-4	10	7.318161708304608E-4	13	6.525883880832066E-4	7	6.039182219416149E-4	18	6.005029419654825E-4	5	5.206416032884532E-4	0	3.923830790161639E-4	
112	jVariables2	19	0.5590913223084384	17	0.4067017920369284	8	0.005932725731500778	11	0.0054422177425348175	1	0.004888128980739888	14	0.0033336514064438967	9	0.002449446926450197	16	0.0019363900963328118	4	0.0019124993557102844	15	0.0010817484610815473	12	0.001046103832177109	2	0.00102792588634316	6	7.836860186082962E-4	3	7.612926188019175E-4	10	7.546405723270058E-4	13	6.729417773294315E-4	7	6.227536515455178E-4	18	6.192318533965091E-4	5	5.368797426777147E-4	0	4.0462100063212426E-4	
113	jVariables3	19	0.5101026407575575	8	0.4400652973799964	2	0.026443470773926857	11	0.0044669819464303005	1	0.004012184910965666	14	0.0027362669692339303	9	0.002010510368535152	16	0.0015893924151473369	4	0.0015697828529988786	17	0.0010248340121873348	15	8.879010496884981E-4	12	8.586438752540968E-4	6	6.432508698489849E-4	3	6.248703276901372E-4	10	6.194103161808577E-4	13	5.523518007806095E-4	7	5.111572983905793E-4	18	5.082666002423522E-4	5	4.406718421428824E-4	0	3.321136328015452E-4	
114	jVariables4	19	0.37804614845082946	8	0.36334742073254767	17	0.2404981827054185	11	0.0034854803617486705	1	0.0031306129916308513	14	0.002135044399135726	9	0.0015687536888796547	16	0.0012401653099438537	4	0.001224864432395969	15	6.928081888350607E-4	12	6.699795076014478E-4	2	6.583374020814932E-4	6	5.019134398624707E-4	3	4.8757153754425033E-4	10	4.833112197012996E-4	13	4.3098704617237655E-4	7	3.988439502713062E-4	18	3.96588406875739E-4	5	3.4384581585158476E-4	0	2.5914041267255356E-4	
115	jVariables5	8	0.3562317354853516	9	0.3540445506378278	19	0.2727241303115015	11	0.003417221775683895	1	0.003069304020084235	14	0.002093232339750773	16	0.0012158782901481428	4	0.0012008770603269907	17	7.839935654332956E-4	15	6.792404442271829E-4	12	6.568588329354441E-4	2	6.454447228649345E-4	6	4.920841198904219E-4	3	4.780230850200473E-4	10	4.738461999444528E-4	13	4.225467270970451E-4	7	3.910331117984277E-4	18	3.888217402778993E-4	5	3.371120440960775E-4	0	2.5406548573984335E-4	
116	jWhile1	19	0.5495290910645018	14	0.39345244699348275	8	0.010531003256665446	11	0.0096603172578515	1	0.008676770938836337	9	0.004347939670042845	16	0.003437227900555086	4	0.0033948201644340465	17	0.002216311105147418	15	0.0019201792029682866	12	0.0018569074927858717	2	0.0018246403671103386	6	0.0013910975136346673	3	0.001351347662223766	10	0.0013395398143202588	13	0.0011945187371420539	7	0.0011054313024625763	18	0.0010991798643454214	5	9.529991060528058E-4	0	7.182305854368608E-4	
117	jWhile2	19	0.6048912314227975	14	0.22736602591859545	16	0.11416150861714662	8	0.010531003256665446	11	0.0096603172578515	1	0.008676770938836337	9	0.004347939670042845	4	0.0033948201644340465	17	0.002216311105147418	15	0.0019201792029682866	12	0.0018569074927858717	2	0.0018246403671103386	6	0.0013910975136346673	3	0.001351347662223766	10	0.0013395398143202588	13	0.0011945187371420539	7	0.0011054313024625763	18	0.0010991798643454214	5	9.529991060528058E-4	0	7.182305854368608E-4	
118	jWhile3	19	0.6110636158610839	14	0.31105099610995995	17	0.03990475173244615	8	0.007298512894491907	11	0.006695083873104507	1	0.006013436995147391	9	0.00301334003730322	16	0.002382171151417165	4	0.002352780465519341	15	0.0013307803949000763	12	0.0012869299296245453	2	0.0012645671948431265	6	9.641002754730031E-4	3	9.365516368480006E-4	10	9.283682066391647E-4	13	8.278613341255405E-4	7	7.661192783215188E-4	18	7.617867184888842E-4	5	6.604761288591659E-4	0	4.977697814034519E-4	
119	jWhile4	19	0.5145822698525027	14	0.3365083334275195	16	0.11314707216331928	8	0.007028825728065154	11	0.006447693997272453	1	0.005791234635961178	9	0.0029019941853620813	4	0.0022658429337039233	17	0.0014792574019381083	15	0.0012816067619936073	12	0.0012393766141577534	2	0.001217840204226881	6	9.284758304384827E-4	3	9.019451408665399E-4	10	8.940640963815597E-4	13	7.972710507867138E-4	7	7.378104241340629E-4	18	7.336379566108519E-4	5	6.360708920308574E-4	0	4.7937670272836026E-4	
120	jWhile5	19	0.43591669073417133	14	0.22020373235383842	11	0.15882040172529102	1	0.09610443668904738	5	0.07831701425602786	8	0.002969274709105349	9	0.001225925677195355	16	9.691454485202734E-4	4	9.571883523855897E-4	17	6.249011942768424E-4	15	5.414051639111491E-4	12	5.23565354705167E-4	2	5.144674598637383E-4	6	3.9222765053466095E-4	3	3.8101995971846254E-4	10	3.776906715875663E-4	13	3.368011754723778E-4	7	3.116824797274667E-4	18	3.099198521178839E-4	0	2.0250909250206395E-4	
121	jWrapper_Class1	7	0.5280520845627898	19	0.2624448502475662	11	0.19174406209355266	8	0.003584808928894984	1	0.002953618489846144	14	0.0020143360520089863	9	0.0014800615450955286	16	0.0011700504660615242	4	0.0011556146495115005	17	7.544439637232919E-4	15	6.536391058014697E-4	12	6.321010826824648E-4	2	6.211171832939412E-4	6	4.7353691441362266E-4	3	4.6000585580628086E-4	10	4.559864022400943E-4	13	4.0662046438252577E-4	18	3.741666103533922E-4	5	3.24405910941555E-4	0	2.444894710340061E-4	
122	jWrapper_Class2	7	0.5243769114225231	19	0.35907377883104596	11	0.10111695767089313	8	0.003115154224305253	1	0.002566657609410305	14	0.001750432892254711	9	0.0012861550129694966	16	0.0010167592539235897	4	0.0010042147094864713	17	6.55602389753772E-4	15	5.680042261656078E-4	12	5.492879528486268E-4	2	5.397430813483065E-4	6	4.1149766934852597E-4	3	3.997393482731051E-4	10	3.9624649328293284E-4	13	3.533481093232615E-4	18	3.251461151642576E-4	5	2.819046883401643E-4	0	2.1245829933940459E-4	
123	jWrapper_Class3	6	0.30595161561864187	7	0.29413494668435963	11	0.22541550408127478	19	0.1637151262003888	8	0.002236231519287605	1	0.0018424900445058266	14	0.0012565583994258707	9	9.232738322397467E-4	16	7.298865248504245E-4	4	7.208813509022086E-4	17	4.706279761845915E-4	15	4.077451266231858E-4	12	3.943095413194216E-4	2	3.87457699978781E-4	3	2.869552085522071E-4	10	2.84447842348511E-4	13	2.5365298872982267E-4	18	2.3340802372838853E-4	5	2.0236691480076503E-4	0	1.525144218575491E-4	
124	jWrapper_Class4	6	0.3081391878978375	11	0.23329633652514017	7	0.22705777646885922	19	0.12388265194820813	1	0.07649684854194251	14	0.022191842913496122	8	0.006431437090355828	9	4.2437648177698784E-4	16	3.3548733289781265E-4	4	3.3134816648316083E-4	17	2.16320919953441E-4	15	1.8741724963469703E-4	12	1.8124167504054406E-4	2	1.7809227318347926E-4	3	1.3189699261545367E-4	10	1.3074449894467585E-4	13	1.1658985578335774E-4	18	1.0728439653497311E-4	5	9.301656381062871E-5	0	7.01022075012641E-5	
125	logical_operators_v2	8	0.6431715530869541	4	0.184079288065801	11	0.053233889391014026	18	0.04622488576710301	19	0.04197461068657897	1	0.007103672813413832	14	0.004844628478230092	9	0.003559658431249207	16	0.002814058658779724	17	0.0018144940156521333	15	0.0015720508121236396	12	0.0015202502597465707	2	0.001493833162298216	6	0.0011388916058834497	3	0.0011063484004911071	10	0.0010966813148058513	13	9.779525514692724E-4	7	9.05016664120118E-4	5	7.802204170878936E-4	0	5.880154171978614E-4	
126	MathFunction_v2	8	0.39644378419172854	19	0.3470342064048424	10	0.2425597344582692	11	0.0026413197502134977	1	0.002372398942715886	14	0.0016179505702882918	9	0.001188811776744389	16	9.398053601544135E-4	4	9.282102553572801E-4	17	6.059828200658218E-4	15	5.250145639499775E-4	12	5.077148404239445E-4	2	4.988923769318539E-4	6	3.803532781751855E-4	3	3.69484891061467E-4	13	3.2660479445942157E-4	7	3.022465467503714E-4	18	3.0053728125470065E-4	5	2.6056860179278577E-4	0	1.9637829482048523E-4	
127	nested_loops2_v2	19	0.35650415642501593	14	0.33553298302307416	8	0.2864668130474547	11	0.0044669819464303005	1	0.004012184910965666	9	0.002010510368535152	16	0.0015893924151473369	4	0.0015697828529988786	17	0.0010248340121873348	15	8.879010496884981E-4	12	8.586438752540968E-4	2	8.437233851699171E-4	6	6.432508698489849E-4	3	6.248703276901372E-4	10	6.194103161808577E-4	13	5.523518007806095E-4	7	5.111572983905793E-4	18	5.082666002423522E-4	5	4.406718421428824E-4	0	3.321136328015452E-4	
128	nested_loops_v2	19	0.29768402578571945	8	0.27931638417113275	14	0.227314792209749	16	0.10139275310367053	4	0.05145211644685633	1	0.028872796015323225	11	0.004355482689814935	9	0.0019603265052024837	17	9.992533781298485E-4	15	8.657383662087978E-4	12	8.372114730334709E-4	2	8.226634096957329E-4	6	6.271948403719317E-4	3	6.09273090483005E-4	10	6.039493650012261E-4	13	5.385646809946403E-4	7	4.983984246213191E-4	18	4.955798804908365E-4	5	4.2967233880942477E-4	0	3.2382382469099463E-4	
129	OperatorExample_v2	8	0.43245298337315236	19	0.40239942751035057	16	0.14411960063742885	11	0.004148388828212553	1	0.003726028728339443	14	0.002541111529507761	9	0.0018671171837848534	4	0.001457823140589177	17	9.517410228907719E-4	15	8.245743634646759E-4	12	7.974038628841381E-4	2	7.835475287599024E-4	6	5.973730707266408E-4	3	5.803034616118811E-4	10	5.752328678600734E-4	13	5.12957085361061E-4	7	4.7470064834207083E-4	18	4.7201611994064695E-4	5	4.092423405279824E-4	0	3.084266962645789E-4	
130	override_v2	19	0.3592495207764131	4	0.2747292623771822	3	0.18240629702325348	1	0.1430786342804856	8	0.008621732907285858	11	0.007908902235323438	14	0.004844628478230092	9	0.003559658431249207	16	0.002814058658779724	17	0.0018144940156521333	15	0.0015720508121236396	12	0.0015202502597465707	2	0.001493833162298216	6	0.0011388916058834497	10	0.0010966813148058513	13	9.779525514692724E-4	7	9.05016664120118E-4	18	8.998986114124217E-4	5	7.802204170878936E-4	0	5.880154171978614E-4	
131	Point_v2	1	0.6557744421745773	19	0.29537531080139456	8	0.00948120378702021	11	0.008697313478750171	14	0.005327572817256397	9	0.003914508528829262	16	0.0030945824812054477	4	0.003056402226341766	17	0.001995374679049556	15	0.0017287631469886204	12	0.0016717987758292946	2	0.0016427482488571865	6	0.0012524237903012176	3	0.0012166364647686774	10	0.0012060057005830874	13	0.0010754412754634315	7	9.952346605310543E-4	18	9.896064067639522E-4	5	8.579979051488564E-4	0	6.46632650340091E-4	
132	PrimitiveDataTypes_v2	19	0.6725348207437059	13	0.21643151513993253	12	0.08184848723632873	8	0.005132366334466181	11	0.004708030741807868	1	0.004228691794409238	14	0.0028839223358047197	9	0.0021190022111800028	16	0.001675159747912062	4	0.0016544920079176993	17	0.0010801364528647878	15	9.358142673841562E-4	2	8.892526727439619E-4	6	6.7796219153377E-4	3	6.585897923226866E-4	10	6.528351458198379E-4	7	5.387405419548306E-4	18	5.356938549723557E-4	5	4.644515256023693E-4	0	3.5003526133627766E-4	
133	Rectangle_v2	1	0.4716222626914343	11	0.22969770543507725	19	0.16538909785695144	17	0.12170272185199316	8	0.002879382337964691	14	0.0016179505702882918	9	0.001188811776744389	16	9.398053601544135E-4	4	9.282102553572801E-4	15	5.250145639499775E-4	12	5.077148404239445E-4	2	4.988923769318539E-4	6	3.803532781751855E-4	3	3.69484891061467E-4	10	3.6625639441455806E-4	13	3.2660479445942157E-4	7	3.022465467503714E-4	18	3.0053728125470065E-4	5	2.6056860179278577E-4	0	1.9637829482048523E-4	
134	string_comparison_v2	8	0.408181907237835	9	0.33416698684393825	19	0.172684372346109	16	0.07329676743583602	11	0.002526584329037637	1	0.0022693450841788153	14	0.0015476689468276162	4	8.87890034914616E-4	17	5.796597313598945E-4	15	5.022086287301343E-4	12	4.856603822128295E-4	2	4.772211548149271E-4	6	3.6383123703892333E-4	3	3.5343495822367724E-4	10	3.5034670318232093E-4	13	3.124175160553858E-4	7	2.8911735826891245E-4	18	2.874823409957566E-4	5	2.492498478746038E-4	0	1.878478825657007E-4	
135	string_length_v2	19	0.47375169285006885	9	0.3502829839293205	8	0.09496731489102107	2	0.044788769897658266	11	0.007565974536630385	1	0.006795659628057673	14	0.0046345667976542245	16	0.00269204189448941	4	0.002658828093836316	17	0.0017358180833209939	15	0.0015038871465238384	12	0.0014543326510190317	6	0.0010895095973763643	3	0.001058377455896716	10	0.0010491295322327464	13	9.355488135132623E-4	7	8.657754050083995E-4	18	8.608792695762766E-4	5	7.463902869201076E-4	0	5.62519239875668E-4	
136	substring_v2	2	0.4865503062464581	19	0.3217796153849123	9	0.16400602006908474	8	0.005132366334466181	11	0.004708030741807868	1	0.004228691794409238	14	0.0028839223358047197	16	0.001675159747912062	4	0.0016544920079176993	17	0.0010801364528647878	15	9.358142673841562E-4	12	9.04978307376377E-4	6	6.7796219153377E-4	3	6.585897923226866E-4	10	6.528351458198379E-4	13	5.821579960595483E-4	7	5.387405419548306E-4	18	5.356938549723557E-4	5	4.644515256023693E-4	0	3.5003526133627766E-4	
137	TypeCasting_v2	19	0.5297588965632138	13	0.43314459862248117	8	0.006327413443017692	11	0.005804273324334727	1	0.005213322581172801	14	0.0035554299453738666	9	0.002612401805141042	16	0.002065212733736661	4	0.0020397326087115003	17	0.0013316410923853038	15	0.0011537141719308189	12	0.0011156982051882829	2	0.0010963109312704172	6	8.358224657037638E-4	3	8.119392954069451E-4	10	8.048447068158276E-4	7	6.641837166945306E-4	18	6.604276231280754E-4	5	5.72596855955367E-4	0	4.315393083373379E-4	
138	use_2darray_v2	19	0.36344086275404375	15	0.26726256826660305	8	0.20590905401402188	4	0.13509415965604762	11	0.005804273324334727	1	0.005213322581172801	14	0.0035554299453738666	9	0.002612401805141042	16	0.002065212733736661	17	0.0013316410923853038	12	0.0011156982051882829	2	0.0010963109312704172	6	8.358224657037638E-4	3	8.119392954069451E-4	10	8.048447068158276E-4	13	7.177107186388235E-4	7	6.641837166945306E-4	18	6.604276231280754E-4	5	5.72596855955367E-4	0	4.315393083373379E-4	
139	use_array_v2	15	0.5135780374840825	19	0.40272312431386464	14	0.05684626162177297	8	0.005132366334466181	11	0.004708030741807868	1	0.004228691794409238	9	0.0021190022111800028	16	0.001675159747912062	4	0.0016544920079176993	17	0.0010801364528647878	12	9.04978307376377E-4	2	8.892526727439619E-4	6	6.7796219153377E-4	3	6.585897923226866E-4	10	6.528351458198379E-4	13	5.821579960595483E-4	7	5.387405419548306E-4	18	5.356938549723557E-4	5	4.644515256023693E-4	0	3.5003526133627766E-4	
140	using_array_v2	15	0.5624785080757159	19	0.3407703602360807	1	0.06726554671569926	8	0.005932725731500778	11	0.0054422177425348175	14	0.0033336514064438967	9	0.002449446926450197	16	0.0019363900963328118	4	0.0019124993557102844	17	0.001248576759692548	12	0.001046103832177109	2	0.00102792588634316	6	7.836860186082962E-4	3	7.612926188019175E-4	10	7.546405723270058E-4	13	6.729417773294315E-4	7	6.227536515455178E-4	18	6.192318533965091E-4	5	5.368797426777147E-4	0	4.0462100063212426E-4	
141	variables1_v2	19	0.5675140231596305	9	0.394775382340146	8	0.006778358763839681	11	0.006217935228990088	1	0.005584868307572224	14	0.0038088201358230105	16	0.00221239736568263	4	0.0021851013101421755	17	0.0014265451673336675	15	0.0012359376605780368	12	0.0011952123525741062	2	0.0011744433765538745	6	8.953902864793969E-4	3	8.698049982494393E-4	10	8.622047889086849E-4	13	7.688608913260707E-4	7	7.115190997711757E-4	18	7.074953150172208E-4	5	6.134049800388961E-4	0	4.6229447134319806E-4	
142	variables2_v2	19	0.4509004895082814	9	0.3595457761404544	17	0.17036451929836696	8	0.003584808928894984	11	0.003288422832837466	1	0.002953618489846144	14	0.0020143360520089863	16	0.0011700504660615242	4	0.0011556146495115005	15	6.536391058014697E-4	12	6.321010826824648E-4	2	6.211171832939412E-4	6	4.7353691441362266E-4	3	4.6000585580628086E-4	10	4.559864022400943E-4	13	4.0662046438252577E-4	7	3.762946327872118E-4	18	3.741666103533922E-4	5	3.24405910941555E-4	0	2.444894710340061E-4	
143	while_v2	19	0.35370849667568893	14	0.2532486010337549	8	0.2205838852477813	4	0.14472211896610326	11	0.006217935228990088	1	0.005584868307572224	9	0.0027985837862529684	16	0.00221239736568263	17	0.0014265451673336675	15	0.0012359376605780368	12	0.0011952123525741062	2	0.0011744433765538745	6	8.953902864793969E-4	3	8.698049982494393E-4	10	8.622047889086849E-4	13	7.688608913260707E-4	7	7.115190997711757E-4	18	7.074953150172208E-4	5	6.134049800388961E-4	0	4.6229447134319806E-4	
144	wrapper_class_v2	7	0.3635924636425324	11	0.22969770543507725	19	0.2259374673729151	8	0.10883902899090112	14	0.06216632008625196	1	0.002372398942715886	9	0.001188811776744389	16	9.398053601544135E-4	4	9.282102553572801E-4	17	6.059828200658218E-4	15	5.250145639499775E-4	12	5.077148404239445E-4	2	4.988923769318539E-4	6	3.803532781751855E-4	3	3.69484891061467E-4	10	3.6625639441455806E-4	13	3.2660479445942157E-4	18	3.0053728125470065E-4	5	2.6056860179278577E-4	0	1.9637829482048523E-4	
